{
  "camera_angle_x": 0.6194058656692505,
  "frames": [
    {
      "file_path": "./test/r_0",
      "rotation": 0.031415926535897934,
      "transform_matrix": [
        [
          -1.0,
          0.0,
          0.0,
          0.0
        ],
        [
          0.0,
          -0.7341099977493286,
          0.6790305972099304,
          2.737260103225708
        ],
        [
          0.0,
          0.6790306568145752,
          0.7341098785400391,
          2.959291696548462
        ],
        [
          0.0,
          0.0,
          0.0,
          1.0
        ]
      ],
      "demo_azimuth": "-80"
    },
    {
      "file_path": "./test/r_1",
      "rotation": 0.031415926535897934,
      "transform_matrix": [
        [
          -0.9980267286300659,
          0.04609514772891998,
          -0.042636688798666,
          -0.17187398672103882
        ],
        [
          -0.06279052048921585,
          -0.7326614260673523,
          0.6776907444000244,
          2.731858730316162
        ],
        [
          -3.7252898543727042e-09,
          0.6790306568145752,
          0.7341099381446838,
          2.959291696548462
        ],
        [
          0.0,
          0.0,
          0.0,
          1.0
        ]
      ],
      "demo_azimuth": "-70"
    },
    {
      "file_path": "./test/r_2",
      "rotation": 0.031415926535897934,
      "transform_matrix": [
        [
          -0.9921147227287292,
          0.09199368208646774,
          -0.08512099832296371,
          -0.34313371777534485
        ],
        [
          -0.12533323466777802,
          -0.7282049655914307,
          0.6738020777702332,
          2.7161829471588135
        ],
        [
          0.0,
          0.6791574358940125,
          0.7339926958084106,
          2.9588191509246826
        ],
        [
          0.0,
          0.0,
          0.0,
          1.0
        ]
      ],
      "demo_azimuth": "-60"
    },
    {
      "file_path": "./test/r_3",
      "rotation": 0.031415926535897934,
      "transform_matrix": [
        [
          -0.9822872281074524,
          0.13747061789035797,
          -0.1273326277732849,
          -0.5132942199707031
        ],
        [
          -0.1873813271522522,
          -0.72064608335495,
          0.6675009727478027,
          2.690782308578491
        ],
        [
          1.4901158529312397e-08,
          0.6795374751091003,
          0.7336407899856567,
          2.9574005603790283
        ],
        [
          0.0,
          0.0,
          0.0,
          1.0
        ]
      ],
      "demo_azimuth": "-50"
    },
    {
      "file_path": "./test/r_4",
      "rotation": 0.031415926535897934,
      "transform_matrix": [
        [
          -0.9685832262039185,
          0.18230323493480682,
          -0.1691514402627945,
          -0.6818711757659912
        ],
        [
          -0.2486899346113205,
          -0.7100241184234619,
          0.6588013172149658,
          2.655712842941284
        ],
        [
          7.450580596923828e-09,
          0.6801700592041016,
          0.7330543994903564,
          2.9550364017486572
        ],
        [
          0.0,
          0.0,
          0.0,
          1.0
        ]
      ],
      "demo_azimuth": "-40"
    },
    {
      "file_path": "./test/r_5",
      "rotation": 0.031415926535897934,
      "transform_matrix": [
        [
          -0.9510564804077148,
          0.22627252340316772,
          -0.21045728027820587,
          -0.848380446434021
        ],
        [
          -0.30901700258255005,
          -0.6963951587677002,
          0.6477208733558655,
          2.611046314239502
        ],
        [
          1.4901159417490817e-08,
          0.6810540556907654,
          0.7322331666946411,
          2.951726198196411
        ],
        [
          0.0,
          0.0,
          0.0,
          1.0
        ]
      ],
      "demo_azimuth": "-30"
    },
    {
      "file_path": "./test/r_6",
      "rotation": 0.031415926535897934,
      "transform_matrix": [
        [
          -0.9297765493392944,
          0.26916423439979553,
          -0.25112998485565186,
          -1.0123374462127686
        ],
        [
          -0.3681245744228363,
          -0.6798312664031982,
          0.6342819333076477,
          2.556872606277466
        ],
        [
          0.0,
          0.6821876764297485,
          0.731177031993866,
          2.9474692344665527
        ],
        [
          0.0,
          0.0,
          0.0,
          1.0
        ]
      ],
      "demo_azimuth": "-20"
    },
    {
      "file_path": "./test/r_7",
      "rotation": 0.031415926535897934,
      "transform_matrix": [
        [
          -0.9048271179199219,
          0.3107704222202301,
          -0.2910493314266205,
          -1.1732574701309204
        ],
        [
          -0.4257793426513672,
          -0.6604207754135132,
          0.6185113191604614,
          2.4932990074157715
        ],
        [
          0.0,
          0.6835686564445496,
          0.7298861742019653,
          2.942265510559082
        ],
        [
          0.0,
          0.0,
          0.0,
          1.0
        ]
      ],
      "demo_azimuth": "-10"
    },
    {
      "file_path": "./test/r_8",
      "rotation": 0.031415926535897934,
      "transform_matrix": [
        [
          -0.8763065934181213,
          0.35089030861854553,
          -0.3300949037075043,
          -1.3306550979614258
        ],
        [
          -0.4817536771297455,
          -0.6382669806480408,
          0.6004403233528137,
          2.420452356338501
        ],
        [
          1.4901160305669237e-08,
          0.6851943135261536,
          0.7283602952957153,
          2.9361143112182617
        ],
        [
          0.0,
          0.0,
          0.0,
          1.0
        ]
      ],
      "demo_azimuth": "0"
    },
    {
      "file_path": "./test/r_9",
      "rotation": 0.031415926535897934,
      "transform_matrix": [
        [
          -0.844327986240387,
          0.3893313407897949,
          -0.36814600229263306,
          -1.484044075012207
        ],
        [
          -0.5358268618583679,
          -0.613487958908081,
          0.580105185508728,
          2.3384790420532227
        ],
        [
          0.0,
          0.687061607837677,
          0.7265990972518921,
          2.9290149211883545
        ],
        [
          0.0,
          0.0,
          0.0,
          1.0
        ]
      ],
      "demo_azimuth": "10"
    },
    {
      "file_path": "./test/r_10",
      "rotation": 0.031415926535897934,
      "transform_matrix": [
        [
          -0.8090169429779053,
          0.4259108901023865,
          -0.405082106590271,
          -1.632938265800476
        ],
        [
          -0.5877853631973267,
          -0.5862159132957458,
          0.5575475692749023,
          2.247546434402466
        ],
        [
          1.4901161193847656e-08,
          0.6891667246818542,
          0.7246026992797852,
          2.9209671020507812
        ],
        [
          0.0,
          0.0,
          0.0,
          1.0
        ]
      ],
      "demo_azimuth": "20"
    },
    {
      "file_path": "./test/r_11",
      "rotation": 0.031415926535897934,
      "transform_matrix": [
        [
          -0.7705132365226746,
          0.4604564905166626,
          -0.44078242778778076,
          -1.7768508195877075
        ],
        [
          -0.6374239921569824,
          -0.5565962195396423,
          0.5328143835067749,
          2.147843360900879
        ],
        [
          1.4901161193847656e-08,
          0.6915058493614197,
          0.7223708629608154,
          2.9119701385498047
        ],
        [
          0.0,
          0.0,
          0.0,
          1.0
        ]
      ],
      "demo_azimuth": "30"
    },
    {
      "file_path": "./test/r_12",
      "rotation": 0.031415926535897934,
      "transform_matrix": [
        [
          -0.7289685606956482,
          0.49280789494514465,
          -0.4751265048980713,
          -1.915296196937561
        ],
        [
          -0.6845472455024719,
          -0.5247869491577148,
          0.5059581995010376,
          2.0395827293395996
        ],
        [
          -1.4901162970204496e-08,
          0.6940740942955017,
          0.7199034690856934,
          2.9020237922668457
        ],
        [
          0.0,
          0.0,
          0.0,
          1.0
        ]
      ],
      "demo_azimuth": "40"
    },
    {
      "file_path": "./test/r_13",
      "rotation": 0.031415926535897934,
      "transform_matrix": [
        [
          -0.6845470666885376,
          0.5228167772293091,
          -0.5079941153526306,
          -2.0477898120880127
        ],
        [
          -0.7289687395095825,
          -0.4909575283527374,
          0.47703811526298523,
          1.9230021238327026
        ],
        [
          0.0,
          0.6968668103218079,
          0.717200517654419,
          2.891127824783325
        ],
        [
          0.0,
          0.0,
          0.0,
          1.0
        ]
      ],
      "demo_azimuth": "50"
    },
    {
      "file_path": "./test/r_14",
      "rotation": 0.031415926535897934,
      "transform_matrix": [
        [
          -0.6374239325523376,
          0.5503484010696411,
          -0.5392656326293945,
          -2.17384934425354
        ],
        [
          -0.7705134153366089,
          -0.4552876353263855,
          0.44611918926239014,
          1.7983639240264893
        ],
        [
          0.0,
          0.6998783946037292,
          0.7142620086669922,
          2.879282236099243
        ],
        [
          0.0,
          0.0,
          0.0,
          1.0
        ]
      ],
      "demo_azimuth": "60"
    },
    {
      "file_path": "./test/r_15",
      "rotation": 0.031415926535897934,
      "transform_matrix": [
        [
          -0.5877850651741028,
          0.5752823948860168,
          -0.5688223838806152,
          -2.292996406555176
        ],
        [
          -0.8090171813964844,
          -0.41796690225601196,
          0.4132734537124634,
          1.6659585237503052
        ],
        [
          0.0,
          0.7031030058860779,
          0.7110880017280579,
          2.866487503051758
        ],
        [
          0.0,
          0.0,
          0.0,
          1.0
        ]
      ],
      "demo_azimuth": "70"
    },
    {
      "file_path": "./test/r_16",
      "rotation": 0.031415926535897934,
      "transform_matrix": [
        [
          -0.5358266234397888,
          0.5975128412246704,
          -0.5965467691421509,
          -2.404757022857666
        ],
        [
          -0.844327986240387,
          -0.37919309735298157,
          0.3785799741744995,
          1.5261046886444092
        ],
        [
          -2.9802322387695312e-08,
          0.7065344452857971,
          0.7076786160469055,
          2.8527438640594482
        ],
        [
          0.0,
          0.0,
          0.0,
          1.0
        ]
      ],
      "demo_azimuth": "80"
    },
    {
      "file_path": "./test/r_17",
      "rotation": 0.031415926535897934,
      "transform_matrix": [
        [
          -0.48175346851348877,
          0.6169499754905701,
          -0.6223232746124268,
          -2.5086653232574463
        ],
        [
          -0.8763067722320557,
          -0.3391709327697754,
          0.34212493896484375,
          1.3791497945785522
        ],
        [
          1.4901161193847656e-08,
          0.7101660370826721,
          0.7040342092514038,
          2.838052749633789
        ],
        [
          0.0,
          0.0,
          0.0,
          1.0
        ]
      ],
      "demo_azimuth": "90"
    },
    {
      "file_path": "./test/r_18",
      "rotation": 0.031415926535897934,
      "transform_matrix": [
        [
          -0.4257790446281433,
          0.6335194110870361,
          -0.6460381746292114,
          -2.6042633056640625
        ],
        [
          -0.9048271179199219,
          -0.2981114089488983,
          0.3040023148059845,
          1.2254726886749268
        ],
        [
          1.4901159417490817e-08,
          0.7139907479286194,
          0.7001550793647766,
          2.822415590286255
        ],
        [
          0.0,
          0.0,
          0.0,
          1.0
        ]
      ],
      "demo_azimuth": "100"
    },
    {
      "file_path": "./test/r_19",
      "rotation": 0.031415926535897934,
      "transform_matrix": [
        [
          -0.3681243062019348,
          0.6471632719039917,
          -0.6675808429718018,
          -2.6911044120788574
        ],
        [
          -0.929776668548584,
          -0.25622984766960144,
          0.2643137276172638,
          1.06548273563385
        ],
        [
          0.0,
          0.7180013656616211,
          0.6960417032241821,
          2.8058338165283203
        ],
        [
          0.0,
          0.0,
          0.0,
          1.0
        ]
      ],
      "demo_azimuth": "110"
    },
    {
      "file_path": "./test/r_20",
      "rotation": 0.031415926535897934,
      "transform_matrix": [
        [
          -0.30901676416397095,
          0.6578409075737,
          -0.6868434548377991,
          -2.768754482269287
        ],
        [
          -0.9510566592216492,
          -0.21374528110027313,
          0.2231687754392624,
          0.8996220827102661
        ],
        [
          0.0,
          0.7221899032592773,
          0.6916947960853577,
          2.788311004638672
        ],
        [
          0.0,
          0.0,
          0.0,
          1.0
        ]
      ],
      "demo_azimuth": "120"
    },
    {
      "file_path": "./test/r_21",
      "rotation": 0.031415926535897934,
      "transform_matrix": [
        [
          -0.24868962168693542,
          0.6655282974243164,
          -0.7037227153778076,
          -2.836796998977661
        ],
        [
          -0.9685832262039185,
          -0.17087841033935547,
          0.18068505823612213,
          0.7283647656440735
        ],
        [
          0.0,
          0.7265485525131226,
          0.6871151328086853,
          2.7698497772216797
        ],
        [
          0.0,
          0.0,
          0.0,
          1.0
        ]
      ],
      "demo_azimuth": "130"
    },
    {
      "file_path": "./test/r_22",
      "rotation": 0.031415926535897934,
      "transform_matrix": [
        [
          -0.18738099932670593,
          0.6702184677124023,
          -0.7181195020675659,
          -2.8948326110839844
        ],
        [
          -0.9822872877120972,
          -0.12785077095031738,
          0.13698837161064148,
          0.5522178411483765
        ],
        [
          7.450580596923828e-09,
          0.7310687303543091,
          0.6823037266731262,
          2.7504544258117676
        ],
        [
          0.0,
          0.0,
          0.0,
          1.0
        ]
      ],
      "demo_azimuth": "140"
    },
    {
      "file_path": "./test/r_23",
      "rotation": 0.031415926535897934,
      "transform_matrix": [
        [
          -0.12533289194107056,
          0.67192143201828,
          -0.7299404740333557,
          -2.9424843788146973
        ],
        [
          -0.992114782333374,
          -0.0848831832408905,
          0.09221266955137253,
          0.37172117829322815
        ],
        [
          -3.725290298461914e-09,
          0.7357420921325684,
          0.6772617697715759,
          2.7301297187805176
        ],
        [
          0.0,
          0.0,
          0.0,
          1.0
        ]
      ],
      "demo_azimuth": "150"
    },
    {
      "file_path": "./test/r_24",
      "rotation": 0.031415926535897934,
      "transform_matrix": [
        [
          -0.062790147960186,
          0.67066490650177,
          -0.7390980124473572,
          -2.9793996810913086
        ],
        [
          -0.9980267882347107,
          -0.04219441115856171,
          0.0464998297393322,
          0.18744681775569916
        ],
        [
          -1.862645149230957e-09,
          0.7405593991279602,
          0.6719908118247986,
          2.7088818550109863
        ],
        [
          0.0,
          0.0,
          0.0,
          1.0
        ]
      ],
      "demo_azimuth": "160"
    },
    {
      "file_path": "./test/r_25",
      "rotation": 0.031415926535897934,
      "transform_matrix": [
        [
          4.013392072010902e-07,
          0.6664924621582031,
          -0.7455117702484131,
          -3.005254030227661
        ],
        [
          -1.0,
          2.6748955406219466e-07,
          -2.992030943005375e-07,
          -1.206126285069331e-06
        ],
        [
          0.0,
          0.7455117702484131,
          0.6664924621582031,
          2.6867170333862305
        ],
        [
          0.0,
          0.0,
          0.0,
          1.0
        ]
      ],
      "demo_azimuth": "-160"
    },
    {
      "file_path": "./test/r_26",
      "rotation": 0.031415926535897934,
      "transform_matrix": [
        [
          0.06279095262289047,
          0.6594647169113159,
          -0.7491084337234497,
          -3.0197529792785645
        ],
        [
          -0.9980267882347107,
          0.04149028658866882,
          -0.04713023081421852,
          -0.18998804688453674
        ],
        [
          0.0,
          0.7505896687507629,
          0.6607685685157776,
          2.6636435985565186
        ],
        [
          0.0,
          0.0,
          0.0,
          1.0
        ]
      ],
      "demo_azimuth": "-150"
    },
    {
      "file_path": "./test/r_27",
      "rotation": 0.031415926535897934,
      "transform_matrix": [
        [
          0.12533369660377502,
          0.6496580839157104,
          -0.7498238682746887,
          -3.022636651992798
        ],
        [
          -0.9921146631240845,
          0.0820712074637413,
          -0.09472513198852539,
          -0.3818492293357849
        ],
        [
          0.0,
          0.7557835578918457,
          0.654821515083313,
          2.639669895172119
        ],
        [
          0.0,
          0.0,
          0.0,
          1.0
        ]
      ],
      "demo_azimuth": "-140"
    },
    {
      "file_path": "./test/r_28",
      "rotation": 0.031415926535897934,
      "transform_matrix": [
        [
          0.187381774187088,
          0.6371641755104065,
          -0.7476027607917786,
          -3.0136830806732178
        ],
        [
          -0.9822871685028076,
          0.12154587358236313,
          -0.1426132172346115,
          -0.5748922824859619
        ],
        [
          0.0,
          0.7610836625099182,
          0.6486536860466003,
          2.614806652069092
        ],
        [
          0.0,
          0.0,
          0.0,
          1.0
        ]
      ],
      "demo_azimuth": "-130"
    },
    {
      "file_path": "./test/r_29",
      "rotation": 0.031415926535897934,
      "transform_matrix": [
        [
          0.2486903965473175,
          0.6220897436141968,
          -0.7423997521400452,
          -2.992709159851074
        ],
        [
          -0.9685831069946289,
          0.1597258299589157,
          -0.19061626493930817,
          -0.7683987617492676
        ],
        [
          -7.450581485102248e-09,
          0.7664802074432373,
          0.6422678232192993,
          2.589064359664917
        ],
        [
          0.0,
          0.0,
          0.0,
          1.0
        ]
      ],
      "demo_azimuth": "-120"
    },
    {
      "file_path": "./test/r_30",
      "rotation": 0.031415926535897934,
      "transform_matrix": [
        [
          0.30901750922203064,
          0.6045553088188171,
          -0.7341805100440979,
          -2.959576368331909
        ],
        [
          -0.9510563611984253,
          0.19643229246139526,
          -0.23855014145374298,
          -0.9616263508796692
        ],
        [
          0.0,
          0.7719632387161255,
          0.6356672048568726,
          2.5624563694000244
        ],
        [
          0.0,
          0.0,
          0.0,
          1.0
        ]
      ],
      "demo_azimuth": "-110"
    },
    {
      "file_path": "./test/r_31",
      "rotation": 0.031415926535897934,
      "transform_matrix": [
        [
          0.3681250810623169,
          0.5846945643424988,
          -0.7229219675064087,
          -2.914191722869873
        ],
        [
          -0.9297763109207153,
          0.2314973622560501,
          -0.2862255275249481,
          -1.153812050819397
        ],
        [
          1.4901161193847656e-08,
          0.7775224447250366,
          0.6288551092147827,
          2.5349960327148438
        ],
        [
          0.0,
          0.0,
          0.0,
          1.0
        ]
      ],
      "demo_azimuth": "-100"
    },
    {
      "file_path": "./test/r_32",
      "rotation": 0.031415926535897934,
      "transform_matrix": [
        [
          0.42577987909317017,
          0.5626534223556519,
          -0.7086130976676941,
          -2.856511116027832
        ],
        [
          -0.9048268795013428,
          0.26476502418518066,
          -0.3334485590457916,
          -1.3441742658615112
        ],
        [
          -1.4901162970204496e-08,
          0.7831478714942932,
          0.6218354105949402,
          2.5066988468170166
        ],
        [
          0.0,
          0.0,
          0.0,
          1.0
        ]
      ],
      "demo_azimuth": "-90"
    }
  ]
}